
   164    36     3     1
   141    13     3     2
   110    46     2     3
    72     8     2     4
   126    62     2     5
   197     5     4     6
   198     6     4     7
   150    22     3     8
   192    64     3     9
   168    40     3    10
    30    30     1    11
   127    63     2    12
    85    21     2    13
    24    24     1    14
    36    36     1    15
    51    51     1    16
   174    46     3    17
   106    42     2    18
   178    50     3    19
    62    62     1    20
     3     3     1    21
   134     6     3    22
    69     5     2    23
   237    45     4    24
   229    37     4    25
    95    31     2    26
     6     6     1    27
   172    44     3    28
   215    23     4    29
   248    56     4    30
    12    12     1    31
   113    49     2    32
   153    25     3    33
   177    49     3    34
   185    57     3    35
   169    41     3    36
   188    60     3    37
    89    25     2    38
   152    24     3    39
    29    29     1    40
    13    13     1    41
   251    59     4    42
    70     6     2    43
   158    30     3    44
   242    50     4    45
    44    44     1    46
    47    47     1    47
    84    20     2    48
   235    43     4    49
    94    30     2    50
    66     2     2    51
    37    37     1    52
    98    34     2    53
    90    26     2    54
    32    32     1    55
   109    45     2    56
    23    23     1    57
   161    33     3    58
     4     4     1    59
   148    20     3    60
   204    12     4    61
    58    58     1    62
   112    48     2    63
   146    18     3    64
    16    16     1    65
   123    59     2    66
   166    38     3    67
    55    55     1    68
   214    22     4    69
   247    55     4    70
   218    26     4    71
   128    64     2    72
    68     4     2    73
   191    63     3    74
    59    59     1    75
   241    49     4    76
   163    35     3    77
   160    32     3    78
    40    40     1    79
    22    22     1    80
    60    60     1    81
   221    29     4    82
   232    40     4    83
   179    51     3    84
   186    58     3    85
    56    56     1    86
   149    21     3    87
   209    17     4    88
   100    36     2    89
   252    60     4    90
    21    21     1    91
    80    16     2    92
   129     1     3    93
    14    14     1    94
   187    59     3    95
   143    15     3    96
   132     4     3    97
   213    21     4    98
   222    30     4    99
   202    10     4   100
    78    14     2   101
   115    51     2   102
   194     2     4   103
    27    27     1   104
    26    26     1   105
    65     1     2   106
   131     3     3   107
   249    57     4   108
   182    54     3   109
    77    13     2   110
    73     9     2   111
   219    27     4   112
   233    41     4   113
   165    37     3   114
    61    61     1   115
    20    20     1   116
   216    24     4   117
   155    27     3   118
   239    47     4   119
    15    15     1   120
   154    26     3   121
    71     7     2   122
   212    20     4   123
    46    46     1   124
   111    47     2   125
    96    32     2   126
   211    19     4   127
   175    47     3   128
    53    53     1   129
    79    15     2   130
    33    33     1   131
   173    45     3   132
   147    19     3   133
    39    39     1   134
    35    35     1   135
   120    56     2   136
   230    38     4   137
   142    14     3   138
     8     8     1   139
    11    11     1   140
   207    15     4   141
   114    50     2   142
    93    29     2   143
   203    11     4   144
    87    23     2   145
   135     7     3   146
   183    55     3   147
   223    31     4   148
    82    18     2   149
   170    42     3   150
   250    58     4   151
    19    19     1   152
   156    28     3   153
   103    39     2   154
    75    11     2   155
    64    64     1   156
   196     4     4   157
   255    63     4   158
    45    45     1   159
   200     8     4   160
    50    50     1   161
   253    61     4   162
   206    14     4   163
   104    40     2   164
   189    61     3   165
   125    61     2   166
   208    16     4   167
    86    22     2   168
    18    18     1   169
   157    29     3   170
   231    39     4   171
    48    48     1   172
   108    44     2   173
   193     1     4   174
     9     9     1   175
   238    46     4   176
   199     7     4   177
   145    17     3   178
    43    43     1   179
   124    60     2   180
   130     2     3   181
   254    62     4   182
   220    28     4   183
   243    51     4   184
   176    48     3   185
    99    35     2   186
   236    44     4   187
   122    58     2   188
    57    57     1   189
    97    33     2   190
   181    53     3   191
   144    16     3   192
   195     3     4   193
   256    64     4   194
   244    52     4   195
   136     8     3   196
   245    53     4   197
    28    28     1   198
    10    10     1   199
    74    10     2   200
   151    23     3   201
   133     5     3   202
   227    35     4   203
   138    10     3   204
   107    43     2   205
   139    11     3   206
   184    56     3   207
     5     5     1   208
   205    13     4   209
    34    34     1   210
   121    57     2   211
    63    63     1   212
    88    24     2   213
   171    43     3   214
    38    38     1   215
    67     3     2   216
    52    52     1   217
    49    49     1   218
    81    17     2   219
   225    33     4   220
   119    55     2   221
   101    37     2   222
    41    41     1   223
   246    54     4   224
   102    38     2   225
   217    25     4   226
   162    34     3   227
    91    27     2   228
   224    32     4   229
   201     9     4   230
   118    54     2   231
   210    18     4   232
   226    34     4   233
   105    41     2   234
    83    19     2   235
   159    31     3   236
   228    36     4   237
   180    52     3   238
    92    28     2   239
   190    62     3   240
   240    48     4   241
   140    12     3   242
   137     9     3   243
    76    12     2   244
    17    17     1   245
    42    42     1   246
    25    25     1   247
   117    53     2   248
     2     2     1   249
   234    42     4   250
   167    39     3   251
     1     1     1   252
     7     7     1   253
    54    54     1   254
   116    52     2   255
    31    31     1   256
